22 900
23 10
150 14
165 11
172 15
40 9
250 11
174 11
188 12
100 14
135 11
171 8
43 5
267 11
211 8
375 6
35 12
243 8
151 3
121 6
143 10
116 10
8 11
451 8
340 13
158 3
33 5
33 13
225 12
416 9
272 14
285 13
163 10
132 3
131 3
334 6
424 4
50 6
336 5
338 7
63 15
243 8
7 7
308 5
312 7
342 3
67 7
168 6
147 6
168 4
215 7
291 4
65 10
342 7
173 12
55 14
450 15
29 2
328 5
356 3
293 7
254 4
149 4
78 6
347 12
170 2
227 15
438 7
423 8
254 5
292 5
215 4
164 7
254 14
4 14
271 9
7 15
120 10
182 8
407 11
117 14
426 5
15 9
58 3
335 9
5 4
143 2
429 13
367 4
80 6
125 10
223 15
386 11
364 15
231 3
320 15
18 12
14 9
164 9
362 5
225 12
126 6
388 14
201 5
253 10
80 9
59 15
49 2
297 15
372 3
210 9
424 3
197 2
123 2
19 4
122 12
219 10
141 3
69 10
75 4
216 11
298 2
237 10
202 6
389 13
43 14
104 10
294 2
190 5
100 13
9 5
261 2
432 13
68 7
450 15
68 6
88 11
71 11
12 5
69 7
310 10
8 6
441 2
263 7
236 8
94 13
14 8
433 2
109 8
124 11
44 13
150 8
66 9
362 6
204 15
306 3
250 4
314 14
318 6
306 13
320 9
178 14
403 4
137 8
427 8
80 4
61 11
186 4
101 14
122 13
171 8
418 12
455 10
5 4
339 6
451 6
31 10
459 4
53 9
152 6
75 9
203 10
229 7
372 9
153 12
262 7
130 4
43 10
247 3
405 14
457 13
69 11
15 14
78 14
407 11
204 8
349 4
240 10
46 5
176 11
19 9
388 3
269 14
148 4
194 6
298 12
366 10
140 8
30 6
457 7
303 13
231 2
409 6
297 8
93 7
238 3
219 13
141 15
27 8
371 3
46 11
204 8
338 9
91 6
321 9
8 6
359 7
266 3
38 6
448 15
446 12
150 12
220 15
19 11
188 2
130 6
40 15
46 6
380 5
140 11
356 4
83 3
269 4
37 6
77 15
346 2
243 14
401 7
271 9
30 4
321 8
95 6
429 5
254 8
396 10
107 9
27 4
383 12
460 3
402 14
155 2
351 2
362 7
434 4
297 12
101 12
349 12
442 5
196 3
192 11
180 12
290 8
413 4
276 13
219 3
425 12
224 10
346 6
149 10
341 13
248 3
306 10
126 14
332 6
247 2
311 6
385 3
212 12
357 12
95 14
190 15
111 6
24 5
396 9
302 8
323 3
238 9
131 3
32 5
15 7
17 11
121 15
39 10
9 10
142 2
366 12
305 5
112 15
307 9
336 15
367 3
439 4
296 7
118 9
425 4
76 6
261 15
181 6
42 2
225 10
19 11
351 12
382 8
243 5
430 9
165 4
77 5
123 6
100 2
192 4
63 8
412 2
1 6
129 7
230 10
334 8
180 6
221 4
110 9
433 13
127 8
77 6
183 13
36 8
411 9
181 3
299 14
99 12
234 2
187 7
379 8
449 5
448 6
284 11
111 3
350 12
452 8
344 11
141 15
195 8
411 8
16 2
368 13
90 4
187 8
157 4
381 2
401 8
79 12
273 7
233 5
174 2
173 7
340 15
218 10
184 12
424 4
412 7
151 4
441 7
379 15
455 14
25 12
390 14
139 12
278 2
304 4
257 9
143 4
131 13
13 8
187 10
34 10
38 12
58 14
207 7
379 13
239 14
193 7
146 13
337 7
225 5
323 3
168 10
25 6
27 3
123 8
384 8
152 6
331 5
228 2
320 5
204 8
265 10
227 6
23 8
149 14
100 8
371 13
92 15
177 13
395 8
272 6
125 9
431 5
410 9
110 2
214 2
120 13
283 15
154 5
274 8
212 2
410 14
408 15
143 15
317 8
361 15
131 15
218 9
137 15
84 2
284 9
282 5
61 15
363 2
348 2
408 8
436 11
60 9
375 11
124 14
69 10
439 6
204 7
403 12
279 15
432 3
194 14
68 3
72 8
99 11
392 11
155 12
161 4
202 6
20 15
369 10
12 4
297 15
256 12
48 2
51 5
294 9
114 12
416 3
121 8
297 14
388 10
55 8
398 7
273 10
352 7
170 15
33 3
98 3
314 3
78 8
397 13
209 6
266 3
142 10
114 4
444 6
194 11
330 7
426 5
333 13
80 5
294 13
440 5
181 13
116 14
85 13
256 7
76 2
421 4
11 4
431 5
392 2
400 8
306 8
273 4
397 14
206 9
374 3
20 11
446 12
142 4
235 2
64 9
343 14
352 4
419 8
269 7
254 6
48 13
361 10
3 14
94 9
103 15
215 3
369 5
312 15
96 8
239 10
386 12
310 6
179 14
311 2
304 13
304 11
413 6
368 9
197 13
78 4
69 3
272 12
52 10
454 3
276 6
302 13
238 10
235 12
182 3
181 3
355 8
65 6
317 3
81 13
336 15
354 5
370 12
198 2
181 2
316 6
114 4
140 9
56 8
115 12
107 11
67 6
305 4
0 5
278 3
229 12
84 4
139 4
142 15
86 13
77 13
163 8
10 5
355 7
415 15
148 11
386 15
189 13
344 5
253 2
117 8
144 14
322 7
194 14
353 2
287 4
247 4
371 7
46 15
176 5
447 3
146 2
17 15
317 2
71 4
346 10
258 9
337 4
402 4
96 14
126 3
15 3
117 13
49 5
267 11
35 7
329 6
189 6
401 8
274 7
92 3
414 5
235 10
135 10
389 3
178 5
119 15
321 2
372 9
140 12
386 4
321 14
192 14
102 15
117 13
28 15
279 7
73 11
334 8
220 12
435 7
192 13
112 5
301 5
189 6
297 2
399 4
170 12
76 3
168 7
195 7
106 5
232 12
229 15
422 13
160 8
372 6
345 15
191 7
427 2
186 9
421 8
47 4
133 2
262 15
221 11
312 3
218 12
306 14
175 15
357 6
44 2
30 8
437 12
1 12
367 13
452 11
5 9
102 13
85 11
69 6
129 9
73 7
169 6
443 2
398 7
239 7
347 11
228 7
407 13
347 5
257 7
86 9
179 10
148 14
283 15
189 9
192 9
223 12
151 13
259 3
299 9
212 9
293 10
163 8
269 11
247 3
431 2
231 5
322 10
134 14
102 15
455 13
317 2
256 12
104 2
214 12
195 6
102 11
134 12
423 4
454 10
35 10
259 10
198 4
381 6
113 9
298 15
186 14
196 4
139 4
112 3
255 5
266 13
59 12
1 4
377 13
287 10
337 4
248 11
412 12
388 7
358 5
231 3
193 7
165 9
141 11
14 9
61 4
280 6
13 11
87 7
442 3
70 14
271 6
392 15
390 10
66 7
45 8
410 7
55 4
405 2
20 2
432 8
106 10
180 11
415 7
256 13
82 13
332 14
41 3
122 2
88 13
185 15
202 12
105 6
180 15
173 11
419 12
378 2
144 5
268 12
164 13
77 3
193 15
150 11
101 13
448 4
98 2
127 5
167 14
352 6
80 3
1 4
389 7
391 3
192 7
130 15
182 10
256 10
382 7
188 12
293 4
151 14
369 4
124 5
37 7
110 12
396 9
114 9
212 4
279 6
317 10
89 8
290 2
443 15
408 4
395 7
105 8
240 10
323 9
437 8
454 10
397 12
453 9
178 14
356 6
43 14
116 9
157 14
149 7
287 10
67 13
453 10
260 9
159 8
289 9
364 7
372 10
141 5
148 5
170 9
8 10
410 15
63 15
67 15
51 4
167 11
54 9
65 14
306 15
437 8
222 14
64 12
249 7
30 4
118 10
350 8
239 15
168 13
335 13
145 5
213 4
11 6
114 14
413 11
118 2
380 7
101 13
343 2
302 4
396 8
100 9
339 11
185 15
433 3
343 9
447 14
144 13
196 6
446 10
290 12
276 4
204 14
356 2
119 15
111 11
107 9
319 9
200 11
325 14
29 4
453 8
397 10
371 2
340 7
334 12
19 3
234 8
225 12
395 10
